541.4250 0 320.0000
0 539.4500 240.0000
0 0 1.0000

0.9406943	0.12454552005754	-0.31556704418022 0
0.339195	-0.3277461626789	0.881776116585 0
0.0063954	-0.93652061272322	-0.35055417831854 1.4
0 0 0 1
// Tcw' * Tcw

1.0000000 0.0000000 0.0000000 284
0.0000000 -0.4694716 0.8829476 -56
0.0000000 -0.8829476 -0.4694716 1.4
0 0 0 1
// x -118

0.7071068 -0.7071068 0.0000000 284
-0.3319665 -0.3319665 0.8829476 -56
-0.6243382 -0.6243382 -0.4694716 1.4
0 0 0 1

// x = -109
1.0000000 0.0000000 0.0000000 0
0.0000000 -0.3255682 0.9455186 0
0.0000000 -0.9455186 -0.3255682 1.35
0 0 0 1

// x = -120
1.0000000 0.0000000 0.0000000 0
0.0000000 -0.5000000 0.8660254 0
0.0000000 -0.8660254 -0.5000000 1.35
0 0 0 1

1.0000000 0.0000000 0.0000000 0
0.0000000 -0.3420202 0.9396926 0
0.0000000 -0.9396926 -0.3420202 1.35
0 0 0 1

1 0.0011 0.0004 0
0 -0.3376 0.9413 0
0.0011 -0.9413 -0.3376 1.35
0 0 0 1