541.4250 0 320.0000
0 539.4500 240.0000
0 0 1.0000

1.0000000 0.0000000 0.0000000 0
0.0000000 -0.4226183 0.9063078 0
0.0000000 -0.9063078 -0.4226183 1.6
0 0 0 1

// x = -109
1.0000000 0.0000000 0.0000000 0
0.0000000 -0.3255682 0.9455186 0
0.0000000 -0.9455186 -0.3255682 1.35
0 0 0 1

// x = -120
1.0000000 0.0000000 0.0000000 0
0.0000000 -0.5000000 0.8660254 0
0.0000000 -0.8660254 -0.5000000 1.35
0 0 0 1

1.0000000 0.0000000 0.0000000 0
0.0000000 -0.3420202 0.9396926 0
0.0000000 -0.9396926 -0.3420202 1.35
0 0 0 1

1 0.0011 0.0004 0
0 -0.3376 0.9413 0
0.0011 -0.9413 -0.3376 1.35
0 0 0 1